% Coefficients for Daubechies wavelets
%

d4coeff = [.4829629131445341; .8365163037378077; .224143860420134; -.1294095225512603];
d6coeff = [0.3326705529500825; .8068915093110924; .4598775021184914; -.1350110200102546; ...
   -.0854412738820267; .0352262918857095];
d8coeff = [.2303778133088964; .7148465705529154;.6308807679398587; -.0279837694168599;...
   -.1870348117190931;.0308413818355607;.0328830116668852; -.0105974017850690];
d10coeff = [.1601023979741929;.6038292697971895;.7243085284377726; .1384281459013203;...
   -.2422948870663823;-.0322448695846381;.0775714938400459; -.0062414902127983;...
   -.0125807519990820;.0033357252854738];
d12coeff = [.1115407433501095;.4946238903984533;.7511339080210959; .3152503517091982;...
   -.2262646939654400;-.1297668675672625;.0975016055873225; .0275228655303053;...
   -.0315820393174862;.0005538422011614;.0047772575109455;-.0010773010853085];
d14coeff = [.0778520540850037;.3965393194818912;.7291320908461957; .4697822874051889;...
   -.1439060039285212;-.2240361849938412;.0713092192668272; .0806126091510774;...
   -.0380299369350104;-.0165745416306655;.0125509985560986;.0004295779729214;-.0018016407040473;...
   .0003537138799745];
d16coeff = [.0544158422431072;.3128715909143166;.6756307372973195; .5853546836542159;...
   -.0158291052563823;-.2840155429615824;.0004724845739124; .1287474266204893;...
   -.0173693010018090;-.0440882539307971;.0139810279174001;.0087460940474065;-.0048703529934520;...
   -.0003917403733770;.0006754494064506; -.0001174767841248];
d18coeff = [.0380779473638778;.2438346746125858;.6048231236900955; .6572880780512736;...
   .1331973858249883;-.2932737832791663;-.0968407832229492; .1485407493381256;.0307256814793385;...
   -.0676328290613279;.0002509471148340;.0223616621236798;-.0047232047577518;-.0042815036824635;...
   .0018476468830563; .0002303857635232;-.0002519631889427;.0000393473203163];
d20coeff = [.0266700579005473;.1881768000776347;.5272011889315757; .6884590394534363;...
   .2811723436605715;-.2498464243271598;-.1959462743772862; .1273693403357541;.0930573646035547;...
   -.0713941471663501;-.0294575368218399;.0332126740593612;.0036065535669870;-.0107331754833007;...
   .0013953517470688; .0019924052951925;-.0006858566949564;-.0001164668551285;.0000935886703202;...
   -.0000132642028945];